105 255 1
  0 9 + 0 1.6

105 256 1
  0 2 - 0 2.6

105 257 4
  0 9 + 0 0.76
  0.1 1 + 1 1.5
    0.1 1 0
  0.305 7 + 1 0
    0.305 1 0
  0.376 5 + 2 0
    0.276 0.5 1
    0.376 0.5 0

105 258 2
  0 6 + 0 4.0
  0.2 0 + 1 20.0
    0.2 1 0

105 259 1
  0 9 + 0 0

105 260 3
  0 8 + 0 1.52
  0.2 0 + 1 0
    0.2 1 0
  0.346 6 + 1 0
    0.346 1 0

105 261 1
  0 13 + 0 1.8

105 262 1
  0 2 - 0 35.0

105 263 1
  0 13 + 0 27.0

105 266 1
  0 2 - 0 0

105 267 1
  0 13 + 0 0

105 268 1
  0 2 - 0 115000.0

105 270 1
  0 6 + 0 82800.0

