101 245 2
  0 1 - 0 0.0009
  0.3 7 - 1 0.35
    0.3 1 0

101 246 2
  0 6 + 0 0.9
  0.2 0 + 1 4.4
    0.2 1 0

101 247 1
  0 1 - 0 1.12

101 248 1
  0 4 - 0 7.0

101 249 2
  0 7 - 0 21.7
  0.1 1 - 1 1.9
    0.1 1 0

101 250 3
  0 6 - 0 52.0
  0.25 0 - 1 0
    0.25 1 0
  0.31 8 - 1 0
    0.31 1 0

101 251 14
  0 7 - 0 240.0
  0.056 1 - 1 0
    0.056 1 0
  0.095 5 - 1 0
    0.039 1 1
  0.137 11 - 1 0
    0.137 1 0
  0.188 9 - 1 0
    0.093 1 2
  0.335 13 - 1 0
    0.147 1 4
  0.5304 17 - 1 0
    0.1954 1 5
  0.7753 21 - 1 0
    0.2449 1 6
  1.067 25 - 1 0
    0.2917 1 7
  1.4031 29 - 1 0
    0.3361 1 8
  1.7799 33 - 1 0
    0.3768 1 9
  2.195 37 - 1 0
    0.4151 1 10
  2.6448 41 - 1 0
    0.4498 1 11
  3.1278 45 - 1 0
    0.483 1 12

101 252 7
  0 8 + 0 138.0
  0.056 0 + 1 0
    0.056 1 0
  0.165 6 + 1 0
    0.165 1 0
  0.211 4 + 2 0
    0.155 0.5 1
    0.211 0.5 0
  0.253 10 + 1 0
    0.088 1 2
  0.294 2 + 1 0
    0.129 1 2
  0.366 12 + 1 0
    0.366 1 0

101 253 3
  0 7 - 0 360.0
  0.06 1 - 1 0
    0.06 1 0
  0.125 5 - 1 0
    0.065 1 1

101 254 6
  0 0 - 0 600.0
  0.083 2 - 1 0
    0.083 1 0
  0.114 6 - 1 0
    0.031 1 1
  0.144 8 - 1 0
    0.144 1 0
  0.175 4 - 2 0
    0.031 0.5 3
    0.175 0.5 0
  0.2 10 - 1 1680.0
    0.086 1 2

101 255 2
  0 7 - 0 1620.0
  0.1 1 - 1 0
    0.1 1 0

101 256 2
  0 2 - 0 4620.0
  0.145 0 - 1 0
    0.145 1 0

101 257 1
  0 7 - 0 19900.0

101 258 2
  0 2 - 0 4450000.0
  0.1 0 - 1 3420.0
    0.1 1 0

101 259 1
  0 13 + 0 5760.0

101 260 1
  0 2 - 0 2750000.0

