104 253 1
  0 7 + 0 0.011

104 254 1
  0 0 + 0 2.3e-05

104 255 4
  0 9 - 0 1.68
  0.06 1 - 1 0
    0.06 1 0
  0.32 7 - 1 0
    0.32 1 0
  0.66 5 - 2 0
    0.6 0.5 1
    0.66 0.5 0

104 256 2
  0 0 + 0 0.0064
  0.051 4 + 1 0
    0.051 1 0

104 257 2
  0 1 + 0 4.7
  0.2 3 + 1 3.9
    0.2 1 0

104 258 1
  0 0 + 0 0.012

104 259 1
  0 1 + 0 3.2

104 260 1
  0 0 + 0 0.021

104 261 2
  0 15 - 0 78.0
  0.227 1 - 1 3.1
    0.227 1 0

104 262 2
  0 0 + 0 2.3
  0.254 2 + 1 0
    0.254 1 0

104 263 1
  0 15 - 0 600.0

104 265 1
  0 15 - 0 0

104 267 1
  0 15 - 0 0

