106 258 1
  0 0 + 0 0.0029

106 259 1
  0 1 + 0 0.48

106 260 1
  0 0 + 0 0.0036

106 261 7
  0 1 + 0 0.23
  0.056 3 + 1 0
    0.056 1 0
  0.127 7 + 1 0
    0.071 1 1
  0.156 5 + 1 0
    0.156 1 0
  0.185 9 + 1 0
    0.029 1 3
  0.212 11 + 1 0
    0.085 1 2
  0.396 13 + 1 0
    0.211 1 4

106 262 1
  0 0 + 0 0.0069

106 263 1
  0 15 - 0 1.0

106 264 1
  0 0 + 0 0.037

106 265 3
  0 15 - 0 16.2
  0.15 1 - 1 8.9
    0.15 1 0
  0.3 7 - 1 0
    0.3 1 0

106 266 1
  0 0 + 0 21.0

106 271 1
  0 7 + 0 144.0

